camera_matrix:
- [4287.9838144583355, 0.0, 820.0401259237311]
- [0.0, 4306.886304305608, 543.6443815484205]
- [0.0, 0.0, 1.0]
dist_coefs:
- [-0.5417586884746006, 8.428359703905969, -0.0026542226076653117, 0.001181872333724493,
  -107.40254378481002]
rms: 0.3856014024330073
