camera_matrix:
- [4233.875867433953, 0.0, 922.6125262469599]
- [0.0, 4241.897488600424, 526.2096890190774]
- [0.0, 0.0, 1.0]
dist_coefs:
- [-0.4112008451969442, 0.6114197699123326, -0.0009475769831750181, -0.0013016672058947358,
  -2.211007383403097]
rms: 0.3633855584895482
